988
50 159
84 162
399 709
324 120
938 748
304 976
9 93
381 429
150 620
746 528
652 421
915 667
518 385
6 9
505 381
356 512
466 337
91 119
35 39
566 382
356 227
232 698
235 249
405 403
392 776
333 207
15 121
171 161
268 547
494 532
801 738
806 586
151 430
503 569
12 1
922 919
178 506
371 451
343 45
345 225
842 716
832 587
1 2
851 983
854 862
186 376
209 576
17 40
106 179
90 196
187 803
123 67
345 420
143 224
254 117
636 563
15 383
7 6
888 320
326 239
814 119
550 258
571 475
466 555
341 314
148 830
375 891
448 635
372 794
801 904
594 903
157 35
573 62
456 364
263 945
290 390
54 43
382 113
213 884
572 659
47 98
281 136
20 332
965 922
413 32
278 840
56 28
311 819
287 100
588 399
414 204
95 38
53 39
13 6
674 959
133 591
30 27
509 670
663 440
226 27
398 252
225 485
848 243
602 344
828 78
19 7
334 51
760 270
111 20
401 519
10 435
225 677
132 211
679 798
474 273
298 306
32 50
843 780
448 59
186 234
322 176
394 434
899 137
103 132
827 746
158 106
633 506
14 966
465 687
55 73
135 40
468 739
282 319
444 800
779 851
236 967
855 76
82 597
103 48
81 610
287 437
196 552
623 446
98 228
303 116
420 452
26 99
533 375
608 556
972 28
497 594
375 322
256 743
564 42
201 543
169 269
182 245
381 187
51 711
838 198
213 749
187 130
11 5
87 141
806 896
228 439
216 276
113 867
8 453
428 208
335 463
236 378
164 47
131 155
43 408
353 769
718 407
255 537
198 108
191 313
96 82
700 448
335 151
47 19
820 569
239 188
613 292
12 468
2 8
436 557
327 295
37 447
514 125
245 510
129 216
279 199
668 355
45 160
246 978
934 153
521 471
130 184
834 649
326 517
421 909
322 860
325 13
199 35
455 901
145 58
387 107
9 25
244 301
215 544
307 582
283 194
131 298
9 33
20 495
275 62
150 425
54 252
221 151
3 107
535 342
852 372
350 595
634 637
879 900
939 422
681 574
741 60
376 529
83 38
453 570
26 15
115 146
740 264
624 419
930 710
980 305
308 656
364 295
905 589
22 20
608 648
973 952
267 101
71 92
519 662
25 688
449 23
116 97
159 792
259 221
106 10
598 269
17 10
517 754
150 73
728 531
148 111
117 893
229 348
788 895
42 262
652 658
464 56
79 40
618 70
53 128
723 271
877 771
787 494
250 244
506 786
882 705
717 951
166 148
6 10
68 174
55 46
156 41
942 652
24 126
361 309
84 61
207 5
81 307
20 7
194 11
350 694
291 273
398 450
418 107
773 568
374 295
644 83
622 929
943 447
203 336
411 127
145 616
397 868
62 37
131 53
667 747
272 858
13 58
653 565
265 816
132 981
178 321
389 71
229 77
350 164
529 574
221 666
844 516
420 685
88 48
329 172
256 221
216 353
103 558
894 360
738 44
390 407
110 936
575 63
20 548
52 151
10 57
1 49
237 219
40 76
204 54
99 213
612 162
554 71
12 140
233 404
552 607
86 585
716 228
869 486
710 907
815 239
890 403
15 675
599 875
137 77
78 143
386 121
364 632
155 782
318 367
446 290
89 479
457 626
424 70
260 141
629 22
195 164
170 265
522 885
598 600
153 116
133 74
791 771
317 186
340 314
70 68
142 35
693 252
305 309
242 963
427 364
390 578
11 455
461 724
559 280
692 435
87 105
687 861
215 399
38 81
556 34
679 475
185 28
940 929
638 527
300 13
436 142
654 390
192 115
494 628
680 201
656 821
350 682
14 312
153 370
889 510
302 142
805 431
247 339
483 243
74 380
133 567
207 385
219 37
459 352
367 458
850 133
215 223
72 48
375 400
797 525
180 119
284 96
255 48
301 323
18 9
770 555
46 762
10 297
727 466
16 748
208 102
519 732
627 481
169 69
100 7
21 34
350 395
363 426
31 16
186 538
118 968
708 662
305 76
354 250
804 384
149 493
655 461
318 142
977 524
18 170
476 958
12 271
204 231
643 931
854 673
461 41
377 83
43 17
86 75
453 725
826 841
649 402
118 242
482 279
513 28
402 396
549 643
430 630
80 328
560 93
423 52
192 225
672 336
817 11
594 665
948 194
1 130
357 480
24 16
534 188
614 587
286 422
150 310
756 489
484 169
761 24
129 139
616 735
306 742
506 953
808 754
432 617
486 678
334 441
919 723
4 5
116 173
287 714
788 196
48 8
184 757
490 347
290 465
822 666
789 40
949 452
328 886
480 941
158 296
952 487
753 165
97 524
168 156
243 686
795 831
280 580
332 443
203 720
138 33
522 722
396 373
346 11
415 509
829 412
198 217
59 790
271 285
71 21
892 493
779 736
988 11
154 266
197 190
871 541
808 933
780 201
811 400
908 47
605 269
246 240
880 142
712 66
921 830
561 813
729 698
104 292
126 186
258 713
24 32
360 270
260 879
156 785
194 373
561 497
410 412
49 77
200 46
291 432
103 134
282 29
531 304
75 23
75 112
864 743
669 467
880 898
31 52
214 93
95 117
703 329
108 124
348 467
183 165
230 1
586 58
6 473
69 161
881 86
165 358
286 96
218 357
706 224
23 101
760 906
853 75
944 87
166 304
491 369
30 604
188 184
251 80
22 290
478 807
241 62
396 445
825 756
701 557
29 1
299 259
331 178
357 809
56 175
253 222
606 428
448 622
581 245
16 90
212 107
4 46
863 851
577 54
697 254
335 365
316 103
520 176
206 11
206 444
181 119
42 394
650 479
643 982
419 502
419 859
324 719
182 179
187 764
647 323
45 22
104 114
261 826
338 228
33 69
202 111
188 288
308 311
389 657
25 755
127 19
152 91
818 575
238 102
209 442
521 917
51 25
593 325
69 308
102 72
501 90
489 41
410 66
5 836
16 8
68 783
415 184
194 314
975 688
121 154
956 435
186 352
409 220
232 26
640 186
368 312
839 838
795 146
85 79
162 218
774 159
78 48
979 511
526 541
149 293
64 54
267 539
116 257
264 835
759 314
158 823
582 927
406 402
910 594
405 545
883 831
726 645
593 796
82 457
347 86
280 4
433 25
1 37
937 340
238 496
868 955
600 781
920 445
51 481
631 305
766 524
491 498
87 104
562 188
750 735
916 520
710 733
25 35
567 625
593 763
758 691
321 355
187 247
220 61
39 551
526 419
478 266
695 496
126 209
82 19
371 344
153 745
641 612
74 178
873 503
589 534
661 541
67 40
59 13
969 477
74 46
191 185
108 359
477 108
734 15
470 329
138 233
471 210
28 60
321 583
628 684
68 33
99 522
487 707
149 64
391 183
676 659
587 519
812 430
193 117
772 793
28 108
157 243
637 778
188 227
421 344
416 396
65 54
914 698
54 651
335 504
784 45
248 219
775 107
493 902
390 935
23 12
876 384
80 8
912 492
86 118
102 928
411 810
320 621
42 36
527 771
55 366
705 36
385 392
402 699
327 460
193 263
60 272
615 289
857 431
144 72
313 715
950 169
154 176
674 669
597 634
89 80
117 874
63 48
351 123
403 129
21 5
337 279
462 400
285 499
402 960
182 278
303 417
583 924
147 56
221 244
256 268
379 736
582 777
66 10
494 174
33 36
438 409
94 27
918 549
970 470
194 660
913 428
5 172
549 423
372 166
120 34
523 53
765 667
25 44
151 472
213 362
579 447
433 664
97 115
45 270
210 169
51 837
603 273
398 767
845 529
961 580
64 215
60 91
15 13
645 73
156 947
342 309
110 41
424 751
926 567
345 717
249 833
247 349
379 27
591 730
271 527
31 639
289 234
384 174
619 60
39 122
691 24
486 599
987 199
104 469
584 22
965 985
443 542
641 897
521 565
528 413
511 26
274 78
212 369
742 946
683 519
506 870
84 964
744 300
475 211
536 484
516 174
601 438
954 320
25 865
86 721
646 176
419 824
1 3
490 846
500 400
363 273
309 609
19 38
284 330
673 213
183 201
65 294
226 236
696 459
986 444
313 923
634 872
454 43
96 189
19 27
16 125
14 5
69 97
685 731
662 878
97 167
64 203
87 54
503 291
163 150
233 540
205 113
488 313
247 507
486 27
243 388
109 508
147 611
235 137
737 512
492 465
932 902
154 847
938 971
393 799
366 911
525 164
13 177
542 768
431 68
603 667
33 41
925 112
487 368
104 273
240 19
440 264
356 515
530 364
129 109
476 452
870 962
887 583
61 15
28 21
419 401
540 866
239 393
344 9
391 563
497 485
4 6
243 590
